;Abu Dhabi;Abuja;Accra;Addis Ababa;Algiers;Amman;Amsterdam/The Hague (seat of Gvnt);Andorra la Vella;Ankara;Antananarivo;Apia;Ashgabat;Asmara;Astana;Asuncion;Athens;Baghdad;Baku;Bamako;Bandar Seri Begawan;Bangkok;Bangui;Banjul;Basseterre;Basse-Terre;Beijing;Beirut;Belgrade;Belmopan;Bern;Bishkek;Bissau;Bogota;Brasilia;Bratislava;Brazzaville;Bridgetown;Brussels;Bucuresti;Budapest;Buenos Aires;Bujumbura;Cairo;Canberra;Caracas;Castries;Cayenne;Charlotte Amalie;Chisinau;Conakry;Copenhagen;Dakar;Damascus;Dhaka;Dili;Djibouti;Dodoma;Doha;Dublin;Dushanbe;Fort-de-France;Funafuti;Gaborone;George Town;Georgetown;Guatemala;Hanoi;Harare;Havana;Helsinki;Honiara;Islamabad;Jakarta;Jerusalem;Kabul;Kampala;Kathmandu;Khartoum;Kiev (Rus);Kigali;Kingston;Kingstown;Kinshasa;Koror;Kuala Lumpur;Kuwait;La Paz (adm.)/sucre (legislative);Libreville;Lilongwe;Lima;Lisbon;Ljubljana;Lome;London;Luanda;Lusaka;Luxembourg;Macau
Abu Dhabi;0;5577.875431;5118.658394;3354.771271;4822.610889;3554.762032;5016.339542;5093.232782;3659.537943;9256.010992;14250.2013;3130.721236;1911.591873;2676.994414;4238.917559;4109.440236;1349.486066;501.1884302;4491.500749;5638.275636;4452.778079;3643.45134;3716.275635;1472.896726;3202.528247;5729.681571;3189.382139;3768.944689;3640.233156;4872.295597;3318.002342;3914.903692;2016.037167;8371.564017;4349.786091;5875.222097;2612.255405;4869.342435;2758.65914;3410.43976;6482.552377;5585.96791;3874.268275;11266.52981;1187.768028;2961.380084;2566.929004;1275.951523;3999.025628;3988.867362;4066.686363;3570.340897;1763.264477;3624.239994;9858.589968;2556.882168;4495.088251;1478.689255;4889.643291;1450.790328;1107.264505;14740.13778;8635.354859;2876.694481;2470.390568;3548.124995;5953.483243;8240.041989;3685.921243;3318.739096;12749.82979;2194.424171;6939.319722;2682.465776;1576.491628;2401.169793;3322.696704;2152.080893;2341.036071;9927.38294;13332.72127;2131.688896;6789.033166;8037.567578;5346.864854;624.5257878;5547.178936;4466.812828;3835.320613;3963.410508;4328.037005;5001.833585;5923.227591;5106.153;9572.22179;6817.663743;4563.528501;6356.722314
Abuja;5577.875431;0;3413.515818;3457.162616;4134.430118;6282.634285;2027.82954;2959.15882;6185.259374;7620.24491;14795.72987;5581.634122;3704.399501;7069.949649;5785.2413;6056.64728;4334.996058;5159.752552;3225.561404;10782.37817;9852.542866;2324.55493;2729.428926;6130.411042;6023.819102;10742.51035;5917.784555;5151.428573;8888.416407;5783.765276;8073.278115;4516.590788;7585.16958;6987.778526;1234.693381;1792.097271;5760.12053;5124.015031;3169.839302;2953.612962;6851.524694;3364.393038;2702.049393;15720.25317;6762.140424;5891.907735;4985.098338;6392.005287;2354.836368;2743.255654;4035.060862;3386.827552;4120.632;9062.226379;12994.24701;3881.003332;3426.54033;4935.988324;1782.892082;7017.790359;6488.415292;17010.28905;5842.995507;8149.708858;6894.052623;9057.108207;10844.51881;5860.390129;8284.925547;2261.143086;16173.98013;7619.586838;11083.21528;5385.967933;7132.44344;3177.927684;8674.520423;3896.942457;3681.516356;7404.640547;17372.99128;5974.636712;2915.005469;13596.99997;10361.05206;5116.141666;7219.780326;2234.750565;2941.212389;7794.662078;4120.144645;784.0995937;797.8092741;3521.639267;6144.693579;4306.307521;3560.697129;11623.71869
Accra;5118.658394;3413.515818;0;5373.127932;821.0569863;3577.814798;1389.892178;454.5700947;3420.390698;10966.11314;18199.53522;7063.263375;4131.909529;7648.16798;7801.133422;3072.681614;4606.92274;4624.050332;651.0744621;8473.367238;8035.20291;2195.462892;1702.472932;6409.383111;7407.77345;8308.560344;3388.967696;2325.217157;8698.299327;2502.942998;5935.324692;1689.312815;6615.084722;10255.66021;3272.067352;5141.933768;6890.194749;1808.426442;2624.331991;1908.549748;9577.221056;6446.054852;4960.440038;16212.22226;6103.792848;7182.330993;6280.807391;6369.076159;4674.355082;1394.344197;1243.858952;1560.373187;3403.922887;7449.063719;14854.48529;5221.947211;6030.853216;5531.234189;1663.942404;6147.192528;5430.064344;19566.15586;9247.766199;7957.477161;4902.487135;7604.014656;11042.2557;9228.743912;8774.459827;3342.720033;17835.62414;6282.631823;12037.3729;3192.606817;6190.728594;3548.250334;6992.423227;3005.011173;2857.409026;10817.27143;17978.78939;6741.801729;6319.291808;12211.29807;10422.65251;4494.174902;9422.089017;1408.713338;5183.922323;8829.304398;1103.283265;3737.512914;2893.673496;111.2262553;9540.513933;7599.610084;583.7914265;11253.40984
Addis Ababa;3354.771271;3457.162616;5373.127932;0;5652.753963;6123.245528;4346.337477;5049.951742;6140.612035;6393.378234;13091.37031;2124.544577;1890.84634;3753.6938;2491.793831;6366.393139;2105.585866;3221.255406;4798.100528;8948.137566;7687.753512;3179.499181;3718.515186;3109.557556;2567.334202;9065.202809;5679.295298;5603.606909;5734.461796;6704.207093;6647.989929;5286.823144;5159.200342;5520.606203;2485.585419;2827.771152;2354.836368;6310.251795;3060.954556;3614.929463;4257.399384;2233.147655;786.214144;12322.99434;4292.122712;2445.468413;1589.487867;3522.461388;1111.583269;4003.121668;5061.669069;4174.500947;3121.484546;6864.793494;9826.631751;801.0110348;1160.982393;2031.315292;4060.949447;4654.998925;4461.73162;14808.04813;5383.690895;5079.921975;5663.76811;6719.327498;7443.033522;5054.095027;4917.555395;2031.315292;13160.80633;5504.781659;7634.002241;5013.594379;4798.882092;2105.585866;6624.681771;3286.719414;3226.811002;6821.243307;14236.39196;2693.102074;3504.990483;10560.56253;7010.136481;3288.37535;4086.374006;4026.599469;598.8667843;4342.61577;5306.242171;2674.846697;4166.495647;5436.731783;6257.21465;3503.877642;5087.877618;8332.427254
Algiers;4822.610889;4134.430118;821.0569863;5652.753963;0;2808.928967;2115.337299;1236.381893;2643.723875;11564.76535;18738.58504;7129.547846;4170.17437;7454.790987;7975.005177;2264.802247;4548.790889;4350.350637;956.0806738;7691.518029;7324.391042;2530.256606;1951.507815;6209.698428;7430.850886;7515.44773;2667.495919;1580.706379;8278.857574;1692.50013;5214.106029;1022.874466;6108.278332;10807.72064;3812.678424;5802.995385;6875.606219;1003.933865;2673.455469;2040.186706;9908.682387;6981.252364;5350.81007;15593.94365;5693.625146;7192.859079;6344.673828;6097.409386;5100.427557;1703.254683;757.5707185;1512.503226;3229.51415;6784.939736;14679.3064;5373.882725;6443.266761;5471.655449;2352.601418;5684.726249;4961.82161;18746.4527;9920.679954;7567.233605;4241.465834;6964.895324;10620.54664;9860.34909;8508.163885;3669.683928;17276.06241;5709.400206;11751.23858;2579.695897;5709.652658;3659.256305;6327.420556;2848.461537;2755.008171;11505.89282;17196.37585;6643.97383;7005.673835;11484.68479;9994.286556;4209.63478;9587.72878;1969.675542;5554.698802;8695.663782;495.8417801;4365.65363;3675.694972;715.8371903;10279.09795;8198.194699;612.7325778;10709.56168
Amman;3554.762032;6282.634285;3577.814798;6123.245528;2808.928967;0;4533.793274;3894.821284;181.7198784;12504.33159;17064.04899;6636.864066;4233.897597;6070.75921;7720.235856;724.7184658;4181.638814;3301.27901;3315.988979;4896.081724;4549.795645;4024.54536;3554.762032;4985.599653;6750.440758;4740.398665;444.9050212;1256.773415;6138.295788;1684.257823;2445.220698;1920.753512;3884.818969;11620.89792;5452.722501;7565.524988;6154.88353;2112.377446;3412.166624;3356.248204;9958.462145;8138.620274;6238.86167;12850.3695;3842.812558;6506.134094;5973.318647;4651.268905;6148.953486;3556.673267;2423.018461;2897.524721;3004.117145;4096.213465;12678.80896;5483.954716;7229.706595;4862.448528;4651.268905;3656.589165;3031.337271;16023.27789;11383.22152;5564.838364;1697.92961;4325.177367;8342.994461;11128.90497;6786.704358;4747.12528;14537.38491;3313.341505;9730.270833;1112.262553;3615.256245;4122.792989;3648.078918;2901.169782;3028.206809;12909.81626;14402.19954;5685.692206;8765.591743;8683.019385;7731.674425;3168.605657;9099.886399;4121.125877;6342.417316;7354.81487;2484.483162;6178.29687;6089.489379;3488.294474;12071.80593;9477.158454;3084.220751;8167.708348
Amsterdam/The Hague (seat of Gvnt);5016.339542;2027.82954;1389.892178;4346.337477;2115.337299;4533.793274;0;938.0273258;4406.149715;9588.993682;16811.26257;6268.706034;3550.595574;7233.663457;6836.432654;4179.111475;4140.461583;4521.221182;1257.939978;9341.225261;8673.433573;1432.833207;1325.908009;6061.715219;6663.689112;9229.120265;4238.083551;3310.436188;8647.355162;3789.515733;6665.026672;2642.990415;6823.417703;8899.909441;2000.432609;3755.326194;6222.270033;3114.335149;2258.754816;1639.507543;8397.370589;5120.088561;3806.32346;16243.95309;6148.178713;6465.065974;5520.765201;6147.488691;3486.42933;1119.501047;2137.108545;1760.878997;3267.464584;7978.636636;14143.85206;4382.774441;4823.564234;5001.453762;303.346247;6289.684177;5623.673135;19002.61194;7857.888255;7879.190843;5525.322631;8066.309305;10911.40216;7844.467441;8440.197162;2377.515873;17466.03276;6645.138266;11621.63819;3840.102467;6367.618652;2912.369105;7539.279585;2904.699288;2695.611896;9428.407456;18332.63437;6210.332903;4929.433871;12789.25958;10327.07064;4421.567972;8429.35885;554.5558799;4046.51007;8273.845518;2163.67494;2371.278349;1589.657819;1496.466137;8168.005629;6229.739449;1568.921069;11371.0779
Andorra la Vella;5093.232782;2959.15882;454.5700947;5049.951742;1236.381893;3894.821284;938.0273258;0;3746.498873;10523.06576;17749.26202;6824.718258;3939.384725;7539.011516;7508.31688;3438.549092;4457.023416;4592.915998;654.1332402;8784.267511;8272.250553;1902.004911;1488.638663;6314.420323;7187.695485;8635.212498;3666.705604;2638.629601;8715.306735;2928.841679;6191.797686;1976.440852;6704.644488;9822.892683;2861.413392;4692.877087;6692.768387;2238.259205;2466.914198;1746.102059;9212.904518;6023.795033;4594.222521;16312.76409;6135.597519;6970.085559;6049.566178;6315.298986;4296.085557;1176.472364;1486.404158;1535.806654;3342.217466;7648.460606;14680.0579;4958.23936;5650.298649;5369.891131;1218.957141;6211.696662;5505.572306;19830.0495;8795.234633;7961.291807;5116.700046;7782.448733;11045.32313;8781.415869;8698.095359;3021.665604;17838.6761;6420.641886;11950.03309;3396.289019;6266.908294;3329.722565;7195.036902;2945.762211;2773.613177;10363.29103;18234.67235;6588.562405;5866.381213;12447.52731;10434.10467;4471.394827;9124.432141;1030.221388;4824.024048;8679.192949;1415.660058;3297.506195;2446.977617;563.8012526;9086.939651;7159.70304;810.8234653;11339.14707
Ankara;3659.537943;6185.259374;3420.390698;6140.612035;2643.723875;181.7198784;4406.149715;3746.498873;0;12530.67535;17245.5835;6720.493523;4255.713631;6203.466312;7796.293725;548.7951066;4232.382228;3386.065641;3178.175637;5053.315662;4726.926867;3948.202514;3462.542096;5102.158906;6846.263274;4891.085141;484.2098311;1109.02272;6308.10854;1505.970458;2624.30992;1778.276728;4052.562323;11650.79576;5385.089375;7503.991258;6249.154213;1931.890739;3370.516072;3276.214124;10028.68031;8124.297456;6229.307822;13027.13427;3989.469222;6600.747844;6044.29682;4778.979163;6127.753413;3450.142114;2283.765772;2798.521707;3019.197439;4277.671304;12853.79952;5518.952852;7234.902979;4938.350019;4532.544186;3812.669963;3176.380167;16176.13238;11363.78641;5727.38508;1873.099451;4506.89247;8520.074293;11123.01811;6939.766497;4708.728874;14713.3633;3487.431682;9901.525514;1130.79166;3774.931557;4115.371446;3829.724567;2891.882638;3007.139717;12903.45727;14561.6645;5791.142992;8710.311986;8854.158865;7907.797857;3250.252432;9197.494949;4006.405695;6340.526852;7490.970034;2332.72494;6104.621844;5970.612493;3329.111454;12028.71151;9461.725042;2936.953532;8349.29891
Antananarivo;9256.010992;7620.24491;10966.11314;6393.378234;11564.76535;12504.33159;9588.993682;10523.06576;12530.67535;0;7238.697103;6184.98673;8274.964843;7569.042861;5082.060626;12751.63319;8346.842041;9344.963658;10608.99394;13444.8404;12188.31677;9104.201957;9694.567251;8133.13915;6249.05066;13745.41601;12063.04627;11945.45152;8995.578285;12968.50655;12373.07409;11523.92315;10229.47595;889.8100424;7752.433425;5840.872796;6765.081915;12443.61532;9338.518293;9718.337032;2966.829355;4604.289392;6397.947747;9392.365778;9627.171177;6450.912401;6689.563902;8606.42582;6574.455282;9890.781695;11181.99192;10305.24;9512.591733;11632.93239;6663.017702;7022.703588;5334.951238;7794.988148;9304.254622;9991.570127;10209.45708;9417.374397;1913.164129;8943.211261;11723.49031;11327.38294;8522.218218;1764.863427;7722.994413;8057.408519;8854.118376;10851.61768;7248.664588;11400.82341;10120.71294;8462.837467;11684.0862;9672.421796;9592.95926;1117.822589;9993.994931;7347.19034;4727.353293;11633.53413;8695.618637;9454.715673;4274.581484;9605.747748;6249.05066;6697.599095;11373.22478;7228.929845;8298.572664;11066.80617;2343.164358;3369.909047;10952.25751;9641.266006
Apia;14250.2013;14795.72987;18199.53522;13091.37031;18738.58504;17064.04899;16811.26257;17749.26202;17245.5835;7238.697103;0;11696.08996;14637.11943;11574.25355;10805.52607;17774.25732;14317.02373;14683.34869;17813.51244;12510.69876;12589.12212;16210.39478;16787.14657;12801.41939;11422.93711;12744.81478;17004.3457;17960.47558;11048.73797;18711.90657;14653.25721;18142.88496;13298.03134;7967.417102;14969.49478;13057.60752;11996.52348;19095.52398;16103.16639;16706.29548;8834.100301;11790.73796;13389.16206;4370.171784;13548.43267;11666.42032;12475.23746;12984.7934;13643.93716;17040.67875;18111.70415;17255.51709;15677.85818;12977.11841;4489.796394;13400.22726;12297.7328;13411.42898;16535.82732;13634.18415;14338.4235;2215.865381;8954.916065;11699.77016;15398.19509;12740.18122;8768.196137;8971.335897;10619.91792;15068.91734;2755.190019;13805.44317;7470.052446;16807.99079;13639.66192;15113.25028;13420.7603;16031.26597;16088.91496;7392.395601;3347.32328;12285.88346;11884.07609;8594.227719;9389.282555;14829.86084;9204.434513;16837.15483;13184.12275;10296.206;18376.20343;14466.87691;15367.53468;18302.99923;8702.853649;10607.90847;18142.41456;8896.390207
Ashgabat;3130.721236;5581.634122;7063.263375;2124.544577;7129.547846;6636.864066;6268.706034;6824.718258;6720.493523;6184.98673;11696.08996;0;2960.73636;1907.126059;1112.262553;7111.729728;2636.92198;3335.735175;6428.735944;7892.462011;6546.671869;4930.297987;5362.502753;1968.615709;444.9050212;8099.234919;6237.888108;6574.869655;3936.454969;7731.042236;6206.282851;6484.407584;4176.642297;5317.331702;4563.219667;4757.991875;598.8667843;7534.987678;4471.832261;5164.503643;3351.883905;3550.866043;2893.872042;10225.23268;3470.272282;400.9755657;785.9886071;2456.523966;3232.558032;5673.946268;6422.971528;5625.168826;4009.699802;5802.317664;7883.106011;1886.028794;2596.172796;1794.06659;6008.297542;3847.020208;4025.462845;13015.18115;5912.165879;3432.085538;5562.127158;5564.046605;5360.661885;5439.292791;2910.816484;3892.924338;11197.7864;4735.676153;5517.977399;5647.755852;3984.36313599999;3515.676247;5713.288785;4340.745245;4393.339885;6972.073596;12199.22201;1197.102273;5083.819637;8653.011136;4974.675398;3470.272282;2526.656337;5858.018753;2669.430127;2224.525106;6693.712764;4799.352992;6281.445229;7102.509481;6947.084387;4387.233918;6654.443744;6322.143907
Asmara;1911.591873;3704.399501;4131.909529;1890.84634;4170.17437;4233.897597;3550.595574;3939.384725;4255.713631;8274.964843;14637.11943;2960.73636;0;3684.539548;3839.972439;4507.928182;638.7936893;1575.025528;3487.45314;7474.515071;6344.052677;2121.959486;2451.831469;2546.542607;3281.190813;7530.087605;3790.570806;3800.076121;5256.944315;4938.591069;4951.745361;3588.036027;3925.379019;7396.208956;2469.713587;4007.484898;2759.075244;4641.185813;1515.459943;2223.394315;5937.82159;4015.568423;2142.635462;12713.48696;3075.671163;3051.996031;2175.104934;2723.609482;2182.094878;2765.244645;3475.178784;2664.474216;1240.038181;5519.732233;10742.0262;1297.458711;3021.071735;1451.987349;3346.527721;3361.794544;2939.468466;15893.6793;7239.426747;4497.295487;3877.756219;5457.332569;7412.771905;6933.173063;4898.535868;1451.987349;13966.74616;4073.305518;8075.921946;3126.310151;3488.021625;638.7936893;5191.066316;1464.585698;1465.970274;8706.509072;14797.16473;2667.539024;5010.514701;9892.601944;6856.770737;1586.107521;5432.747869;3057.772049;2182.633152;4750.382042;3743.137423;3094.827079;4135.212504;4162.684044;8059.09816;5337.276988;3697.950751;8021.399613
Astana;2676.994414;7069.949649;7648.16798;3753.6938;7454.790987;6070.75921;7233.663457;7539.011516;6203.466312;7569.042861;11574.25355;1907.126059;3684.539548;0;2710.827798;6699.592513;3100.790807;3116.342384;6999.976443;6122.096617;4778.167301;5801.974977;6065.24377;1245.85982;1568.96248;6362.489269;5763.506516;6440.019485;2037.118622;7521.031042;4901.228682;6583.504523;2686.907469;6771.946179;5907.749086;6549.591797;1434.961889;7546.173814;5075.159916;5793.351648;4602.224488;5453.623548;4534.839801;9032.558813;2284.228924;1506.583415;2166.932368;1434.449221;4833.804847;6370.36695;6697.66834;6090.803463;4253.00248;4106.943396;7233.40587;3192.580556;4461.320712;2240.594145;7030.16713;2576.602651;3063.147237;12291.06724;7656.99413;1545.192789;4607.56999;3828.317227;3788.153223;7154.315311;1228.620331;5017.504869;10317.72322;3342.64042;4413.574198;5328.273679;2678.050369;4323.333178;4117.154985;4649.417105;4790.774216;8505.479109;11113.06837;1095.32274;6977.861106;6823.268539;3291.807685;3261.21472;3352.916934;6729.298425;4349.020422;1295.360704;6965.788508;6320.635951;7664.547883;7653.515018;8711.351083;6265.336521;7128.947017;4586.868146
Asuncion;4238.917559;5785.2413;7801.133422;2491.793831;7975.005177;7720.235856;6836.432654;7508.31688;7796.293725;5082.060626;10805.52607;1112.262553;3839.972439;2710.827798;0;8166.013312;3627.694938;4422.023917;7193.952354;8828.081237;7481.418175;5612.211626;6108.523713;3053.031669;1197.102273;9059.320417;7312.318627;7577.639547;4613.834452;8732.775885;7296.627888;7424.575732;5213.094701;4222.237166;4953.738121;4605.7505;1683.046308;8478.739924;5302.979717;5952.744922;2246.202375;3103.925122;3127.526025;9935.511084;4552.163076;1375.446333;1757.969177;3531.893444;3477.841175;6409.820884;7306.761187;6463.069795;4984.504814;6778.90509;7340.162615;2601.539597;2426.56835;2858.225074;6552.475506;4922.884018;5133.57928;12342.87444;4948.770716;4247.172788;6674.284762;6517.335878;5573.487138;4451.694044;3416.725273;4491.327481;10671.78204;5800.716992;5371.615624;6704.930372;5056.436677;4315.750463;6731.811153;5282.991622;5304.847652;5903.277926;11767.52733;2268.135423;4633.615831;9058.670721;5309.690482;4552.163076;1621.472626;6496.718208;2879.17122;2476.869061;7570.89928;5011.771131;6549.591797;7854.605679;6001.529218;3630.9203;7454.050295;6654.721297
Athens;4109.440236;6056.64728;3072.681614;6366.393139;2264.802247;724.7184658;4179.111475;3438.549092;548.7951066;12751.63319;17774.25732;7111.729728;4507.928182;6699.592513;8166.013312;0;4558.072937;3796.761762;2924.669378;5443.108422;5210.590538;3913.495088;3380.974058;5569.73121;7265.073445;5255.682568;936.3337464;910.9365889;6855.669304;960.3368444;3125.750402;1545.860937;4599.114021;11885.83693;5363.33391;7487.382044;6666.254198;1445.739281;3456.012183;3240.371128;10377.07374;8249.235151;6379.000394;13497.99096;4511.983395;7017.545781;6408.144574;5268.583428;6244.149006;3316.939763;2044.930971;2706.890826;3270.420556;4797.243085;13402.51209;5795.593557;7420.707364;5319.037483;4339.114525;4348.021684;3698.098564;16506.09049;11457.79727;6269.049523;2421.627719;5035.552633;9067.692961;11258.34709;7468.99489;4785.641937;15175.6846;4036.212238;10449.65703;1463.973947;4314.413712;4289.65938;4353.697562;3080.685117;3160.456254;13028.03088;14933.59313;6233.994555;8707.204745;9297.698869;8456.071908;3655.468307;9614.598796;3834.173354;6511.443347;7991.787949;2032.628115;6057.336554;5765.257403;2973.542583;12047.14196;9576.831506;2645.156574;8880.81236
Baghdad;1349.486066;4334.996058;4606.92274;2105.585866;4548.790889;4181.638814;4140.461583;4457.023416;4232.382228;8346.842041;14317.02373;2636.92198;638.7936893;3100.790807;3627.694938;4558.072937;0;1121.287045;3956.107692;6979.494768;5801.971129;2707.688164;2972.882825;1926.644432;2894.229896;7059.132579;3751.150019;3951.939693;4619.650119;5108.250915;4557.081629;3849.989809;3338.07872;7458.2384;3100.790807;4525.76524;2327.771761;4898.781302;1991.515381;2713.897251;5819.263838;4326.752401;2542.941534;12109.3538;2474.621953;2651.651651;1879.679479;2085.270421;2651.651651;3281.922383;3818.241708;3081.080103;1372.790894;4973.081402;10247.77446;1351.980273;3266.4516;927.4393377;3951.181146;2781.740425;2432.313653;15373.70023;7481.994377;3859.02892;3558.816234;4888.872803;6793.266429;7132.616322;4299.856066;2089.19198;13414.4715;3542.489015;7510.942207;3112.043386;2914.075834;1253.952717;4669.82104;1714.557523;1794.064288;8880.076347;14197.39729;2135.639449;5456.232634;9263.176865;6230.183801;1182.801907;5160.162364;3629.251004;2526.656337;4225.751007;4091.409394;3705.388622;4773.971085;4626.070902;8362.235673;5609.396348;4130.413559;7384.32624
Baku;501.1884302;5159.752552;4624.050332;3221.255406;4350.350637;3301.27901;4521.221182;4592.915998;3386.065641;9344.963658;14683.34869;3335.735175;1575.025528;3116.342384;4422.023917;3796.761762;1121.287045;0;3994.008512;5901.08964;4776.545761;3160.434419;3217.106913;1881.979008;3468.500704;5963.876056;2904.703071;3373.984129;4140.52048;4502.816852;3435.938294;3468.218902;2428.618946;8455.581834;3942.800104;5581.775472;2869.786583;4449.780918;2266.108422;2910.423719;6665.317892;5447.172558;3653.152453;11767.06745;1647.952461;3221.255406;2688.077772;1752.040751;3736.870467;3488.160828;3592.985907;3072.430775;1262.703147;3956.441689;10329.00729;2447.985643;4380.55886;1570.667077;4400.582667;1862.38525;1366.93947;15240.20857;8582.607685;3377.631787;2455.89309;3913.634931;6454.46846;8216.997906;4165.76452;2914.141984;13249.21407;2505.531378;7425.028381;2340.054379;1973.233069;1987.173596;3617.735621;1650.899054;1840.579555;9944.354548;13831.14065;2455.256886;6558.546016;8482.577991;5848.051568;147.4524868;5819.105108;3970.450944;3646.199348;4387.233918;3857.735625;4620.079548;5468.54301;4613.735621;9478.002093;6722.425226;4073.012608;6850.06629
Bamako;4491.500749;3225.561404;651.0744621;4798.100528;956.0806738;3315.988979;1257.939978;654.1332402;3178.175637;10608.99394;17813.51244;6428.735944;3487.45314;6999.976443;7193.952354;2924.669378;3956.107692;3994.008512;0;8182.370603;7631.133924;1626.50259;1086.195348;5762.960137;6766.670163;8046.88909;3057.243489;2072.098133;8094.371727;2558.203872;5561.223823;1401.293423;6057.567303;9856.410188;2857.561789;4856.732742;6243.968748;1906.369582;1976.227349;1265.445506;9034.787138;6030.025393;4439.494417;15668.88573;5506.294203;6539.270271;5644.576945;5732.88818;4174.500947;795.325705;894.5062812;921.7407508;2761.940147;6998.167813;14203.47533;4602.720435;5525.78376;4880.829471;1449.277039;5570.84322;4861.057873;19199.76366;8972.641878;7346.155067;4471.963572;7129.339294;10432.57504;8905.322851;8133.270354;2780.394068;17236.66872;5766.83778;11395.01786;2752.161787;5622.796952;2913.444655;6545.588261;2362.823899;2209.636464;10560.88751;17585.1484;6090.803463;6065.738298;11802.88591;9816.866042;3867.274819;8815.283655;1019.513308;4652.526105;8178.238742;906.8338046;3414.537878;2847.545224;675.2613329;9361.708876;7242.116031;345.7400796;10695.20986
Bandar Seri Begawan;5638.275636;10782.37817;8473.367238;8948.137566;7691.518029;4896.081724;9341.225261;8784.267511;5053.315662;13444.8404;12510.69876;7892.462011;7474.515071;6122.096617;8828.081237;5443.108422;6979.494768;5901.08964;8182.370603;0;1347.990923;8473.464333;8169.173557;6030.35658;7650.642625;340.1648137;5125.135959;6151.736157;4457.230163;6243.486697;2714.811072;6808.076884;3817.769316;12765.77427;9675.925549;11481.91062;7306.664568;6866.552531;7613.368451;7895.839875;10573.09015;11137.3459;9512.159298;8141.55667;4665.241035;7523.411795;7751.213769;5550.287312;9629.662993;8267.548743;7300.957877;7597.655774;6704.874392;2113.625346;9062.075609;8149.160878;10034.59134;6930.81966;9402.29722;4295.355174;4548.257726;11128.24289;13776.80809;4614.109611;3892.536368;2328.990356;5308.35101;13276.41176;5740.621918;8701.4337;9775.46919;3449.978043;6839.222733;5507.560355;4150.732044;7799.390859;2324.318052;6890.992729;7103.555078;14501.40209;9508.598726;6723.387251;12425.54976;3921.970152;4949.19895;5890.842859;9211.400156;8861.974965;9463.649129;6782.336749;7379.70621;10407.1265;10802.9952;8382.417265;14827.43879;12231.35403;7973.808668;4452.686028
Bangkok;4452.778079;9852.542866;8035.20291;7687.753512;7324.391042;4549.795645;8673.433573;8272.250553;4726.926867;12188.31677;12589.12212;6546.671869;6344.052677;4778.167301;7481.418175;5210.590538;5801.971129;4776.545761;7631.133924;1347.990923;0;7616.433115;7407.114812;4705.179859;6302.697556;1588.455897;4657.963648;5743.714138;3203.261411;6122.906174;2111.226034;6347.956695;2528.790884;11469.20125;8677.331608;10327.51623;5963.001492;6651.400781;6712.64405;7110.055351;9272.330805;9842.175558;8296.484395;8300.599536;3397.36994;6176.020826;6428.135987;4232.194706;8445.768153;7559.448376;6801.412387;6914.92645;5732.343398;829.8221864;8611.849167;6896.016723;8743.291193;5657.855374;8679.272704;3044.54824;3410.276238;11611.00793;12429.76073;3284.393001;3161.498406;989.6842659;4475.560038;11931.52399;4465.684334;7664.905707;9988.229218;2271.324605;6036.303824;4879.156406;2904.190612;6741.384554;1178.042999;5978.96734;6199.382026;13212.19477;9965.323082;5383.024794;11189.24227;4177.719165;4005.298314;4790.070873;7923.441363;8150.946731;8226.424772;5493.561296;6935.628715;9381.4285;10001.68409;7959.497831;13479.58286;10899.28688;7483.810102;3872.97011
Bangui;3643.45134;2324.55493;2195.462892;3179.499181;2530.256606;4024.54536;1432.833207;1902.004911;3948.202514;9104.201957;16210.39478;4930.297987;2121.959486;5801.974977;5612.211626;3913.495088;2707.688164;3160.434419;1626.50259;8473.464333;7616.433115;0;591.2290035;4630.242638;5303.750673;8422.533039;3633.456518;3008.164572;7246.94733;3885.419094;5759.442301;2462.108346;5540.94454;8312.33059;1449.847542;3574.196322;4831.39158;3340.421839;920.6862111;674.7920185;7408.313166;4499.922936;2821.286364;14814.546;4806.697481;5093.06974;4161.236267;4729.817902;2572.850424;833.5415856;2079.125342;1227.364652;1950.431187;6859.586767;12806.48342;3057.235934;3913.039323;3573.937466;1256.955079;4987.737441;4366.482276;17942.19665;7596.697256;6478.015252;4580.947777;6898.99993;9486.908143;7460.803171;7007.365121;1154.311535;16079.54202;5453.850211;10197.713;3071.072006;5080.346784;1486.033647;6445.903352;1645.96854;1424.372203;9187.176934;16903.60973;4787.557684;4793.795791;11591.3671;8909.256051;3076.157525;7231.466376;940.9359805;3029.213238;6862.610455;2272.403349;2156.655639;2388.725839;2257.291903;8134.515575;5773.153613;1935.536021;9992.752093
Banjul;3716.275635;2729.428926;1702.472932;3718.515186;1951.507815;3554.762032;1325.908009;1488.638663;3462.542096;9694.567251;16787.14657;5362.502753;2451.831469;6065.24377;6108.523713;3380.974058;2972.882825;3217.106913;1086.195348;8169.173557;7407.114812;591.2290035;0;4852.837401;5713.288785;8091.142925;3189.382139;2470.390568;7356.063705;3302.54932;5460.458273;1892.9179;5497.513106;8903.526229;2004.80196;4116.777727;5208.362502;2749.510632;992.5503603;313.6142861;7966.069875;5090.415036;3401.227069;14980.06;4830.261873;5491.533485;4581.518917;4889.643291;3160.664765;313.6142861;1491.230585;674.1204068;1955.772582;6687.027398;13193.83173;3521.120202;4495.088251;3882.020623;1275.951523;4964.636528;4298.150233;18343.33584;8170.678008;6590.735959;4294.49985;6760.032694;9651.588645;8044.790031;7241.291944;1718.287176;16382.69607;5330.097013;10478.81257;2682.465776;5041.79045;1850.715184;6255.410639;1582.897319;1379.056402;9762.858582;17047.84313;5101.173175;5339.943826;11482.48149;9054.379774;3110.906635;7729.967524;772.3546689;3603.266127;7191.378025;1681.174422;2677.824556;2633.830948;1748.493006;8680.715012;6358.739831;1370.178308;10059.07841
Basseterre;1472.896726;6130.411042;6409.383111;3109.557556;6209.698428;4985.599653;6061.715219;6314.420323;5102.158906;8133.13915;12801.41939;1968.615709;2546.542607;1245.85982;3053.031669;5569.73121;1926.644432;1881.979008;5762.960137;6030.35658;4705.179859;4630.242638;4852.837401;0;1894.018472;6207.797486;4641.476813;5238.229365;2758.055364;6345.164254;4243.735762;5349.304029;2237.767321;7275.127594;4918.068251;5921.946862;1374.159412;6328.540806;3860.311087;4572.488215;5232.028712;5154.317182;3830.947355;10184.53801;1502.025845;1682.669444;1722.957038;492.0930811;4073.918052;5153.371657;5452.832952;4850.171925;3009.470432;3917.562135;8479.10909;2388.584294;4067.954562;1196.737479;5877.402092;1878.527783;2115.604152;13515.67921;7844.830245;2030.456428;3687.950291;3716.025551;4867.498464;7387.132636;2388.584294;3956.525171;11532.4409;2769.512124;5636.528005;4154.345873;2016.572765;3177.706025;3779.929968;3406.865075;3553.489997;8940.575826;12273.40757;786.0487967;6578.464079;7542.17978;4311.126794;2028.447516;4167.221109;5541.562713;3696.91486;2505.255047;5721.522077;5427.507596;6646.648262;6412.370426;8861.441297;6201.273693;5885.282321;5505.613536
Basse-Terre;3202.528247;6023.819102;7407.77345;2567.334202;7430.850886;6750.440758;6663.689112;7187.695485;6846.263274;6249.05066;11422.93711;444.9050212;3281.190813;1568.96248;1197.102273;7265.073445;2894.229896;3468.500704;6766.670163;7650.642625;6302.697556;5303.750673;5713.288785;1894.018472;0;7873.986934;6368.208596;6782.554628;3567.055822;7933.675934;6124.101709;6738.161101;4017.435833;5401.956945;4993.412635;5191.747086;598.8667843;7780.870815;4796.57872;5501.331459;3338.468417;3936.657383;3338.468417;9795.493277;3378.553844;248.699365;1144.030788;2358.398628;3676.440078;6026.285189;6709.324649;5938.411546;4258.842653;5587.317472;7502.773148;2286.595596;3016.549579;1998.052893;6409.251501;3742.979168;4004.145191;12649.68204;6129.223003;3113.321957;5568.637674;5331.421778;4919.016304;5639.253396;2492.323343;4294.049089;10802.65538;4612.53386;5083.165971;5805.45391;3873.588319;3862.576523;5534.756819;4608.771053;4679.270643;7096.462767;11784.03164;1112.262553;5477.846031;8236.694313;4541.754528;3609.657522;2351.564895;6237.998567;3114.335149;1779.620085;6981.943833;5242.094897;6718.781844;7441.853267;7176.933178;4696.616565;6977.980825;5891.856787
Beijing;5729.681571;10742.51035;8308.560344;9065.202809;7515.44773;4740.398665;9229.120265;8635.212498;4891.085141;13745.41601;12744.81478;8099.234919;7530.087605;6362.489269;9059.320417;5255.682568;7059.132579;5963.876056;8046.88909;340.1648137;1588.455897;8422.533039;8091.142925;6207.797486;7873.986934;0;4995.293777;5996.89214;4750.597599;6025.821714;2674.030583;6660.029299;3977.782657;13048.66577;9666.828558;11530.23767;7508.367211;6663.404971;7582.065165;7826.647328;10852.79428;11273.63434;9600.443211;8382.711785;4805.901212;7737.53643;7921.930164;5722.307846;9700.565651;8173.346976;7158.713888;7500.918219;6704.199563;2297.890747;9382.569781;8264.349298;10170.65583;7063.162718;9305.286089;4429.40912;4628.491721;11285.05393;14002.86594;4872.470624;3851.286122;2542.6223;5648.153762;13511.00872;6028.973918;8711.90744;9998.390843;3561.181109;7179.363747;5414.326418;4283.865913;7823.195128;2452.1807;6868.464742;7076.898748;14789.1281;9680.958622;6919.357629;12515.20506;4177.064292;5285.281203;5944.0044;9496.891752;8764.832303;9564.532215;7066.037086;7223.532172;10404.59071;10720.97297;8214.630917;15045.68881;12404.41905;7824.547902;4789.90937
Beirut;3189.382139;5917.784555;3388.967696;5679.295298;2667.495919;444.9050212;4238.083551;3666.705604;484.2098311;12063.04627;17004.3457;6237.888108;3790.570806;5763.506516;7312.318627;936.3337464;3751.150019;2904.703071;3057.243489;5125.135959;4657.963648;3633.456518;3189.382139;4641.476813;6368.208596;4995.293777;0;1088.503319;5978.907451;1826.736502;2549.858241;1700.626317;3720.940686;11180.71255;5047.942474;7152.092712;5770.511906;2117.667705;2986.421274;2972.805916;9544.490855;7696.230404;5795.610629;12936.11415;3583.050255;6122.165731;5560.093019;4333.182637;5709.216361;3217.688052;2180.342249;2548.490446;2559.498233;4131.373526;12544.04459;5045.091913;6784.801574;4454.526073;4333.182637;3434.398763;2769.749732;16234.77907;10941.79758;5365.712133;1619.637283;4331.383875;8237.252756;10684.59118;6543.351034;4317.191435;14624.5844;3198.911965;9572.93862;667.3575318;3409.579703;3679.525068;3675.299994;2458.976496;2590.359938;12465.44959;14594.10834;5319.615209;8345.613635;8826.624403;7617.632226;2767.976647;8719.757312;3796.377043;5897.916424;7055.474172;2285.735006;5779.537594;5767.110579;3308.275376;11641.18094;9034.874381;2859.645538;8145.729214
Belgrade;3768.944689;5151.428573;2325.217157;5603.606909;1580.706379;1256.773415;3310.436188;2638.629601;1109.02272;11945.45152;17960.47558;6574.869655;3800.076121;6440.019485;7577.639547;910.9365889;3951.939693;3373.984129;2072.098133;6151.736157;5743.714138;3008.164572;2470.390568;5238.229365;6782.554628;5996.89214;1088.503319;0;6923.017159;1156.683579;3633.441875;670.8104107;4686.249217;11096.76153;4457.644318;6580.295333;6188.526636;1135.166412;2608.901133;2337.273542;9733.619946;7393.902568;5549.128831;14024.10255;4412.504611;6534.056281;5830.986176;5013.373597;5392.270906;2409.170439;1177.894153;1796.427829;2596.694066;5216.924251;13472.17236;5097.451465;6612.845774;4790.986962;3452.625788;4329.803742;3622.592674;17279.76989;10577.55949;6262.082186;2687.147294;5409.808226;9227.25065;10399.17328;7349.930103;3919.092835;15712.09027;4219.0442;10492.28168;1152.486919;4329.066961;3501.359094;4760.168686;2337.564712;2377.100782;12157.59223;15653.58833;5823.22711;7801.418817;9906.326079;8602.324796;3226.700842;9101.278617;2937.910715;5697.161895;7731.042236;1228.006793;5147.454469;4886.786628;2238.611706;11142.56045;8711.611991;1828.454765;9202.913551
Belmopan;3640.233156;8888.416407;8698.299327;5734.461796;8278.857574;6138.295788;8647.355162;8715.306735;6308.10854;8995.578285;11048.73797;3936.454969;5256.944315;2037.118622;4613.834452;6855.669304;4619.650119;4140.52048;8094.371727;4457.230163;3203.261411;7246.94733;7356.063705;2758.055364;3567.055822;4750.597599;5978.907451;6923.017159;0;7798.219549;4180.831136;7282.277787;2258.773005;8310.945378;7673.096329;8555.612602;3467.603241;8050.482748;6389.309985;7050.67289;6124.091506;7487.098779;6500.768791;7626.601773;2595.966731;3535.623706;4170.22795;2535.885369;6775.956194;7628.569931;7551.205121;7181.243967;5403.221062;2787.038871;6566.342756;5093.525736;6497.130807;3953.68138;8503.128894;2601.592708;3321.854484;11120.90941;9456.507892;768.9463536;4448.045611;2454.516729;2346.554988;8934.119219;1287.901941;6695.351149;9143.574509;2839.616403;3595.353057;5778.200225;2594.164474;5866.006493;3016.020498;5788.969892;5981.089096;10044.19466;9694.783997;3042.491937;9014.692504;4827.849222;1724.424859;4253.006956;4756.879631;8101.567322;6333.324736;2335.706852;7788.474568;8181.45153;9388.010426;8671.892709;10511.12721;8236.347634;8124.127957;2764.709248
Bern;4872.295597;5783.765276;2502.942998;6704.207093;1692.50013;1684.257823;3789.515733;2928.841679;1505.970458;12968.50655;18711.90657;7731.042236;4938.591069;7521.031042;8732.775885;960.3368444;5108.250915;4502.816852;2558.203872;6243.486697;6122.906174;3885.419094;3302.54932;6345.164254;7933.675934;6025.821714;1826.736502;1156.683579;7798.219549;0;4062.682835;1445.102677;5539.515609;12145.61277;5298.274666;7377.406305;7338.172804;695.4083402;3659.731415;3252.818175;10876.38966;8372.098265;6584.069826;14367.07792;5397.502909;7685.028427;6987.520004;6087.007333;6394.571372;3149.574571;1815.432777;2667.867619;3749.31104;5744.415414;14355.6437;6233.835811;7666.968447;5945.275026;4004.98474;5260.474004;4587.023267;17063.48115;11468.14273;7192.435091;3377.973555;5989.282394;10025.75781;11346.2077;8358.507224;4911.756492;16018.81017;4990.040545;11393.56874;2193.822807;5236.231622;4599.238671;5304.737065;3474.072406;3492.991785;13061.34035;15618.55665;6957.729885;8596.978741;10145.23833;9412.530046;4356.38154;10257.1788;3562.85467;6750.440758;8816.279748;1674.454026;5927.245703;5364.085964;2393.475794;11913.99352;9658.307605;2225.759159;9834.916269
Bishkek;3318.002342;8073.278115;5935.324692;6647.989929;5214.106029;2445.220698;6665.026672;6191.797686;2624.30992;12373.07409;14653.25721;6206.282851;4951.745361;4901.228682;7296.627888;3125.750402;4557.081629;3435.938294;5561.223823;2714.811072;2111.226034;5759.442301;5460.458273;4243.735762;6124.101709;2674.030583;2549.858241;3633.441875;4180.831136;4062.682835;0;4246.07827;2224.525106;11518.8372;6994.651617;8905.875686;5616.688646;4555.12817;4908.765897;5183.136496;9439.822966;8879.440857;7078.986562;10408.55651;2746.016813;5923.690619;5801.859208;3766.89369;7133.189206;5572.396578;4710.617782;4908.092497;4040.668042;1691.661855;10448.47315;5859.828202;7801.185864;4776.574089;6706.719312;2383.311582;2239.825535;13699.36034;11948.0027;3828.359279;1179.25626;1964.685415;6126.408803;11537.55134;5166.403002;6052.682273;12097.21016;1558.973062;7623.971741;2826.993416;2257.925473;5182.447692;1275.023228;4194.585412;4402.901826;13169.70796;12054.10674;5028.598122;9960.815808;6277.159283;5552.629676;3387.390925;8250.793521;6168.153809;7081.301883;6012.560894;4833.087181;7734.282574;8093.361151;5856.709591;12889.49292;10133.32852;5393.548633;5788.975924
Bissau;3914.903692;4516.590788;1689.312815;5286.823144;1022.874466;1920.753512;2642.990415;1976.440852;1778.276728;11523.92315;18142.88496;6484.407584;3588.036027;6583.504523;7424.575732;1545.860937;3849.989809;3468.218902;1401.293423;6808.076884;6347.956695;2462.108346;1892.9179;5349.304029;6738.161101;6660.029299;1700.626317;670.8104107;7282.277787;1445.102677;4246.07827;0;5092.663351;10701.10865;3897.629648;6006.217786;6158.069229;1054.312748;2228.465471;1814.125362;9503.450696;6930.999649;5140.342036;14582.59044;4711.488004;6492.715957;5714.415848;5188.330494;4949.648448;1788.3098;507.3470093;1235.358936;2479.630084;5780.277277;13754.78149;4866.595042;6225.645993;4743.089926;2794.043231;4682.280628;3960.602441;17932.9741;10058.77198;6584.12424;3232.521162;5951.456422;9617.368674;9915.620432;7581.222057;3466.755846;16258.3667;4686.542493;10794.9524;1556.848048;4701.355779;3190.497821;5322.7246;2146.460362;2122.261941;11649.16651;16294.64444;5857.339286;7229.706595;10522.60716;8990.614662;3322.654638;8998.972073;2289.042718;5309.919709;7853.888416;587.6896934;4561.319951;4223.897987;1611.553929;10568.26552;8225.885502;1165.757612;9686.766206
Bogota;2016.037167;7585.16958;6615.084722;5159.200342;6108.278332;3884.818969;6823.417703;6704.644488;4052.562323;10229.47595;13298.03134;4176.642297;3925.379019;2686.907469;5213.094701;4599.114021;3338.07872;2428.618946;6057.567303;3817.769316;2528.790884;5540.94454;5497.513106;2237.767321;4017.435833;3977.782657;3720.940686;4686.249217;2258.773005;5539.515609;2224.525106;5092.663351;0;9405.253846;6361.678227;7838.441561;3578.072407;5805.12566;4623.727022;5183.927428;7268.843689;7322.519284;5781.135394;9611.614392;875.557917;3845.051655;3944.507285;1748.137015;5948.703116;5727.180382;5411.609595;5183.657487;3591.405623;1710.359385;8823.180893;4369.119066;6221.014285;3129.069907;6744.490417;567.4143495;1204.18395;13142.44555;10079.2888;1703.416275;2207.213519;1567.034783;4541.330858;9614.577813;3005.944535;5330.589629;11225.2785;673.2288828;5854.070285;3555.392519;460.7059916;4407.739004;1542.320662;3926.678088;4142.576608;11113.08663;11591.6886;2980.379262;8662.167689;6061.263172;3916.096299;2485.517526;6039.771053;6269.538094;5702.313631;3794.62148;5629.569429;7017.793188;7888.220285;6573.356004;11099.11569;8426.643366;6031.608491;4639.776329
